[WhatsApp Image 2020-06-04 at 5.28.46 PM.jpeg]
moddate=4cb8be05c23ad601
width=792
height=612
text=1;152;16;Masters in &#010;Arts;Lucida Calligraphy;0.238926,0.354489,0.111080,6.283185;v1,4279571810,4279509854,128.000000,1.000000,0.149533,0.765625,700,258,49161;;
textactive=1
[Master-leaders.jpeg]
filters=Vignette=1,32.163742,1.707602,0.000000,ff1400db;
moddate=7345d929303bd601
width=792
height=612
textactive=0
[Computer-courses-leaders.jpg]
filters=Vignette=1,41.228069,1.573099,0.000000,ff00018f;
moddate=c6391238303bd601
width=792
height=612
textactive=0
